12.000	1.000   0.00074      9.450	1.000   0.00085     18.435	1.000   0.00090     27.805
12.050	1.000   0.00081      9.365	1.000   0.00078     18.235	1.000   0.00087     29.175
12.100	1.000   0.00064      9.380	1.000   0.00078     17.615	1.000   0.00083     26.730
12.150	1.000   0.00077      9.165	1.000   0.00076     17.615	1.000   0.00084     28.815
12.200	1.000   0.00068      9.425	1.000   0.00078     18.505	1.000   0.00081     29.990
12.250	1.000   0.00065      9.240	1.000   0.00075     18.625	1.000   0.00088     30.545
12.300	1.000   0.00065      9.225	1.000   0.00075     19.215	1.000   0.00092     30.025
12.350	1.000   0.00075      9.265	1.000   0.00071     19.030	1.000   0.00088     29.710
12.400	1.000   0.00069      9.875	1.000   0.00079     18.330	1.000   0.00094     28.340
12.450	1.000   0.00068      9.330	1.000   0.00087     19.370	1.000   0.00095     28.790
12.500	1.000   0.00069      9.805	1.000   0.00085     18.895	1.000   0.00093     31.075
12.550	1.000   0.00064      8.950	1.000   0.00073     19.085	1.000   0.00092     29.140
12.600	1.000   0.00071      9.650	1.000   0.00075     20.220	1.000   0.00095     33.240
12.650	1.000   0.00074      9.715	1.000   0.00075     19.690	1.000   0.00096     29.890
12.700	1.000   0.00079      9.685	1.000   0.00077     20.730	1.000   0.00084     32.770
12.750	1.000   0.00073      9.495	1.000   0.00081     20.785	1.000   0.00102     33.965
12.800	1.000   0.00053     10.180	1.000   0.00071     19.720	1.000   0.00101     30.790
12.850	1.000   0.00061      9.945	1.000   0.00078     19.655	1.000   0.00095     33.275
12.900	1.000   0.00092      9.720	1.000   0.00076     20.265	1.000   0.00105     33.960
12.950	1.000   0.00068      9.930	1.000   0.00077     19.595	1.000   0.00111     38.065
13.000	1.000   0.00088      9.835	1.000   0.00072     21.285	1.000   0.00091     33.620
13.050	1.000   0.00107     10.065	1.000   0.00077     21.165	1.000   0.00097     35.375
13.100	1.000   0.00088      9.955	1.000   0.00078     21.955	1.000   0.00093     34.485
13.150	1.000   0.00088      9.935	1.000   0.00077     19.245	1.000   0.00088     37.880
13.200	1.000   0.00090      9.965	1.000   0.00085     21.010	1.000   0.00096     37.885
13.250	1.000   0.00079      9.930	1.000   0.00088     20.685	1.000   0.00087     38.235
13.300	1.000   0.00073     10.365	1.000   0.00086     23.225	1.000   0.00099     42.690
13.350	1.000   0.00070      9.720	1.000   0.00102     23.740	1.000   0.00090     42.020
13.400	1.000   0.00073      9.915	1.000   0.00096     24.025	1.000   0.00082     38.865
13.450	1.000   0.00061      9.750	1.000   0.00079     23.900	1.000   0.00091     44.485
13.500	1.000   0.00061     10.090	1.000   0.00094     22.760	1.000   0.00092     40.820
13.550	1.000   0.00074     10.170	1.000   0.00088     21.695	1.000   0.00096     41.580
13.600	1.000   0.00073     10.170	1.000   0.00079     22.155	1.000   0.00096     47.395
13.650	1.000   0.00074     10.710	1.000   0.00088     21.615	1.000   0.00092     46.795
13.700	1.000   0.00074     10.585	1.000   0.00088     22.800	1.000   0.00105     39.545
13.750	1.000   0.00070     10.305	1.000   0.00089     23.835	1.000   0.00102     42.695
13.800	1.000   0.00072      9.825	1.000   0.00083     26.055	1.000   0.00089     43.935
13.850	1.000   0.00073     10.335	1.000   0.00088     23.825	1.000   0.00096     45.075
13.900	1.000   0.00071     10.835	1.000   0.00082     24.175	1.000   0.00097     44.970
13.950	1.000   0.00065     10.835	1.000   0.00091     24.580	1.000   0.00099     45.790
14.000	1.000   0.00074     11.010	1.000   0.00086     24.465	1.000   0.00108     43.765
14.050	1.000   0.00070     10.135	1.000   0.00087     26.735	1.000   0.00091     47.745
14.100	1.000   0.00075     10.735	1.000   0.00086     24.895	1.000   0.00103     50.400
14.150	1.000   0.00070     10.475	1.000   0.00081     25.580	1.000   0.00100     49.510
14.200	1.000   0.00079     11.265	1.000   0.00083     28.030	1.000   0.00098     43.885
14.250	0.995   0.00071     10.365	1.000   0.00087     26.825	1.000   0.00107     50.620
14.300	1.000   0.00079     11.045	1.000   0.00076     27.180	1.000   0.00106     54.610
14.350	1.000   0.00070     10.930	1.000   0.00083     26.185	1.000   0.00102     54.695
14.400	1.000   0.00074     11.225	1.000   0.00088     29.640	1.000   0.00105     58.585
14.450	1.000   0.00073     10.855	1.000   0.00081     27.125	1.000   0.00092     52.315
14.500	0.990   0.00080     11.175	1.000   0.00091     27.295	1.000   0.00096     51.305
14.550	1.000   0.00077     11.210	1.000   0.00089     29.380	1.000   0.00098     56.770
14.600	1.000   0.00077     11.640	1.000   0.00086     30.030	1.000   0.00108     64.210
14.650	1.000   0.00074     11.765	1.000   0.00085     27.785	1.000   0.00105     56.230
14.700	1.000   0.00071     10.525	1.000   0.00077     29.070	1.000   0.00109     68.515
14.750	1.000   0.00070     11.535	1.000   0.00078     28.640	1.000   0.00104     61.665
14.800	1.000   0.00067     11.390	1.000   0.00093     30.275	1.000   0.00110     70.225
14.850	0.995   0.00075     11.350	1.000   0.00083     31.975	1.000   0.00108     68.260
14.900	1.000   0.00074     11.235	1.000   0.00088     30.165	1.000   0.00106     67.305
14.950	0.995   0.00070     11.525	1.000   0.00079     30.110	1.000   0.00103     70.965
15.000	0.995   0.00079     12.495	1.000   0.00094     31.890	1.000   0.00105     67.590
15.050	1.000   0.00074     12.775	1.000   0.00088     34.260	1.000   0.00102     76.920
15.100	1.000   0.00076     11.600	1.000   0.00092     34.015	1.000   0.00113     75.775
15.150	0.995   0.00077     11.245	1.000   0.00094     36.700	1.000   0.00114     78.330
15.200	0.995   0.00074     12.375	1.000   0.00093     33.280	1.000   0.00110     77.985
15.250	0.995   0.00071     12.495	1.000   0.00087     32.205	1.000   0.00102     78.515
15.300	0.995   0.00078     12.720	1.000   0.00088     33.855	1.000   0.00113     80.800
15.350	1.000   0.00076     12.110	1.000   0.00085     36.320	1.000   0.00107     92.045
15.400	1.000   0.00079     11.735	1.000   0.00089     36.085	1.000   0.00110     76.120
15.450	0.990   0.00082     12.270	1.000   0.00100     39.500	1.000   0.00113     92.930
15.500	0.990   0.00072     11.850	1.000   0.00090     41.030	1.000   0.00123     95.565
15.550	1.000   0.00072     12.000	1.000   0.00087     39.775	1.000   0.00123     96.075
15.600	1.000   0.00074     11.800	1.000   0.00090     34.690	1.000   0.00108     80.460
15.650	1.000   0.00079     11.800	1.000   0.00088     39.300	1.000   0.00109    100.585
15.700	0.990   0.00079     12.550	1.000   0.00089     40.515	1.000   0.00117     93.590
15.750	0.995   0.00075     12.200	1.000   0.00091     39.925	1.000   0.00120     93.590
15.800	1.000   0.00074     12.310	1.000   0.00090     43.815	1.000   0.00116    113.605
15.850	1.000   0.00077     12.380	1.000   0.00087     40.565	1.000   0.00123    115.515
15.900	0.995   0.00073     12.420	1.000   0.00086     40.230	1.000   0.00124    112.250
15.950	0.995   0.00071     12.310	1.000   0.00085     40.810	1.000   0.00115    124.820
16.000	0.990   0.00073     13.025	1.000   0.00085     40.070	1.000   0.00130    118.090
16.050	0.985   0.00079     12.575	1.000   0.00089     41.465	1.000   0.00123    111.005
16.100	1.000   0.00079     12.370	1.000   0.00096     45.510	1.000   0.00124    124.750
16.150	0.985   0.00073     13.645	1.000   0.00085     44.205	1.000   0.00117    110.725
16.200	1.000   0.00077     13.430	1.000   0.00088     46.730	1.000   0.00128    139.060
16.250	0.995   0.00075     13.000	1.000   0.00070     45.145	1.000   0.00130    132.660
16.300	0.995   0.00072     14.040	1.000   0.00091     49.085	1.000   0.00130    122.435
16.350	0.980   0.00081     14.495	1.000   0.00090     46.050	1.000   0.00132    136.820
16.400	0.985   0.00073     13.195	1.000   0.00099     49.005	1.000   0.00126    117.540
16.450	0.995   0.00073     12.875	1.000   0.00099     49.845	1.000   0.00161    135.510
16.500	0.995   0.00078     13.870	1.000   0.00093     53.170	1.000   0.00160    154.110
16.550	0.990   0.00072     13.850	1.000   0.00090     50.645	1.000   0.00160    141.230
16.600	1.000   0.00077     14.390	1.000   0.00088     50.680	1.000   0.00151    141.385
16.650	0.995   0.00080     13.285	1.000   0.00086     51.010	1.000   0.00157    150.325
16.700	0.990   0.00076     14.280	1.000   0.00097     55.630	1.000   0.00149    154.170
16.750	0.980   0.00090     13.775	1.000   0.00103     54.805	1.000   0.00170    180.500
16.800	0.985   0.00076     13.255	1.000   0.00109     54.545	1.000   0.00164    172.665
16.850	0.990   0.00081     13.270	1.000   0.00099     52.615	1.000   0.00158    179.425
16.900	0.990   0.00071     13.840	1.000   0.00102     61.805	1.000   0.00150    179.210
16.950	0.980   0.00075     13.945	1.000   0.00100     61.935	1.000   0.00151    195.315
17.000	0.970   0.00074     13.790	1.000   0.00110     66.635	1.000   0.00148    178.790
17.050	0.980   0.00091     13.970	1.000   0.00100     59.820	1.000   0.00148    202.175
17.100	0.980   0.00079     14.290	0.995   0.00096     66.875	1.000   0.00150    179.660
17.150	0.955   0.00083     14.370	1.000   0.00096     68.710	1.000   0.00155    212.515
17.200	0.945   0.00069     14.140	1.000   0.00096     59.630	1.000   0.00162    221.775
17.250	0.955   0.00079     14.510	1.000   0.00105     68.545	1.000   0.00151    196.715
17.300	0.965   0.00082     13.765	1.000   0.00100     68.025	1.000   0.00145    207.050
17.350	0.960   0.00081     15.430	1.000   0.00100     65.325	1.000   0.00172    242.485
17.400	0.975   0.00077     14.400	1.000   0.00100     64.455	1.000   0.00158    224.190
17.450	0.980   0.00072     13.765	1.000   0.00104     77.360	1.000   0.00164    223.715
17.500	0.960   0.00079     14.090	0.995   0.00092     70.135	1.000   0.00167    241.990
17.550	0.970   0.00078     14.130	1.000   0.00101     67.595	1.000   0.00170    260.160
17.600	0.945   0.00078     15.010	0.990   0.00100     69.445	1.000   0.00178    275.545
17.650	0.920   0.00076     15.055	1.000   0.00099     74.405	1.000   0.00178    260.485
17.700	0.920   0.00075     16.210	0.995   0.00105     78.650	1.000   0.00174    262.020
17.750	0.935   0.00077     14.575	0.995   0.00110     73.270	1.000   0.00164    265.755
17.800	0.950   0.00073     15.760	0.980   0.00103     80.815	1.000   0.00182    305.135
17.850	0.940   0.00080     15.175	0.995   0.00108     80.780	1.000   0.00177    296.820
17.900	0.945   0.00080     15.505	0.990   0.00101     80.850	1.000   0.00183    290.285
17.950	0.925   0.00077     14.935	1.000   0.00106     81.735	1.000   0.00194    317.575
18.000	0.965   0.00072     15.490	0.985   0.00101     93.750	1.000   0.00219    387.545
18.050	0.930   0.00081     16.035	0.980   0.00096     80.860	1.000   0.00175    289.400
18.100	0.915   0.00086     15.710	0.955   0.00114     94.695	1.000   0.00208    376.025
18.150	0.890   0.00077     15.990	0.985   0.00113     85.795	1.000   0.00194    344.440
18.200	0.915   0.00072     16.255	0.975   0.00120    109.575	1.000   0.00179    308.220
18.250	0.915   0.00090     16.235	0.985   0.00111     91.845	0.990   0.00226    419.680
18.300	0.925   0.00081     16.075	0.980   0.00115     90.965	0.995   0.00221    410.125
18.350	0.925   0.00098     15.125	0.960   0.00120    105.440	0.995   0.00201    366.695
18.400	0.870   0.00089     16.405	0.970   0.00112    100.020	1.000   0.00236    445.420
18.450	0.935   0.00085     15.610	0.985   0.00120    102.605	1.000   0.00240    479.245
18.500	0.920   0.00087     15.840	0.985   0.00119     97.910	1.000   0.00259    536.155
18.550	0.930   0.00086     15.470	0.960   0.00125    100.990	1.000   0.00235    472.100
18.600	0.905   0.00081     16.495	0.980   0.00110     95.290	0.995   0.00240    483.930
18.650	0.940   0.00081     15.545	0.940   0.00112    106.725	0.990   0.00254    532.050
18.700	0.860   0.00080     16.335	0.955   0.00108    112.820	0.995   0.00259    538.105
18.750	0.920   0.00073     15.810	0.935   0.00117    103.450	0.990   0.00281    581.785
18.800	0.850   0.00083     17.545	0.960   0.00116    110.965	0.985   0.00289    624.920
18.850	0.860   0.00080     16.575	0.965   0.00108    108.595	1.000   0.00255    503.115
18.900	0.900   0.00076     15.900	0.955   0.00120    124.265	0.990   0.00281    598.780
18.950	0.845   0.00085     16.500	0.945   0.00123    130.265	0.995   0.00260    539.425
19.000	0.860   0.00084     17.660	0.935   0.00123    118.615	0.970   0.00296    645.310
19.050	0.835   0.00082     17.350	0.940   0.00117    119.760	0.970   0.00321    722.510
19.100	0.855   0.00082     16.425	0.940   0.00121    130.925	0.980   0.00340    784.975
19.150	0.895   0.00073     16.700	0.890   0.00116    134.680	0.985   0.00299    645.185
19.200	0.835   0.00074     18.070	0.920   0.00124    125.150	0.965   0.00299    650.400
19.250	0.825   0.00072     16.680	0.945   0.00121    121.175	0.960   0.00348    808.650
19.300	0.830   0.00069     18.675	0.880   0.00116    130.875	0.945   0.00356    826.435
19.350	0.850   0.00070     16.790	0.885   0.00117    141.015	0.960   0.00338    770.750
19.400	0.810   0.00088     18.495	0.855   0.00139    142.465	0.955   0.00356    853.420
19.450	0.795   0.00083     17.480	0.890   0.00133    138.020	0.955   0.00361    832.975
19.500	0.870   0.00091     16.670	0.885   0.00141    143.785	0.930   0.00390    898.285
19.550	0.790   0.00086     17.155	0.940   0.00123    129.595	0.930   0.00403    952.235
19.600	0.790   0.00082     18.575	0.855   0.00128    145.275	0.940   0.00373    873.540
19.650	0.825   0.00090     17.105	0.875   0.00124    144.990	0.945   0.00349    796.300
19.700	0.765   0.00083     18.815	0.830   0.00141    158.995	0.910   0.00431   1047.210
19.750	0.790   0.00092     18.970	0.835   0.00142    153.935	0.890   0.00427   1013.940
19.800	0.810   0.00074     17.905	0.820   0.00145    163.130	0.915   0.00410    986.400
19.850	0.790   0.00099     18.125	0.840   0.00147    159.540	0.925   0.00388    893.140
19.900	0.810   0.00086     17.720	0.815   0.00126    154.130	0.870   0.00468   1140.730
19.950	0.735   0.00083     18.565	0.845   0.00129    160.050	0.885   0.00459   1131.660
20.000	0.785   0.00082     17.975	0.825   0.00135    165.305	0.845   0.00483   1168.840
20.050	0.725   0.00083     18.835	0.760   0.00133    171.920	0.840   0.00479   1151.595
20.100	0.775   0.00081     17.895	0.790   0.00129    159.890	0.855   0.00436   1050.345
20.150	0.750   0.00088     19.065	0.775   0.00133    169.960	0.825   0.00499   1201.810
20.200	0.730   0.00085     18.645	0.795   0.00137    167.675	0.825   0.00475   1146.650
20.250	0.700   0.00090     19.120	0.770   0.00132    173.975	0.830   0.00475   1152.735
20.300	0.820   0.00085     17.000	0.710   0.00147    187.355	0.800   0.00514   1302.105
20.350	0.755   0.00085     18.790	0.810   0.00136    159.915	0.775   0.00513   1261.685
20.400	0.755   0.00081     18.670	0.735   0.00140    178.915	0.750   0.00532   1306.210
20.450	0.745   0.00094     18.180	0.755   0.00140    170.545	0.825   0.00493   1187.045
20.500	0.730   0.00089     18.710	0.680   0.00147    187.440	0.790   0.00521   1277.865
20.550	0.755   0.00089     18.270	0.745   0.00142    180.055	0.780   0.00515   1233.675
20.600	0.700   0.00086     19.005	0.695   0.00145    190.255	0.690   0.00579   1442.470
20.650	0.680   0.00083     18.825	0.745   0.00147    176.675	0.740   0.00533   1310.160
20.700	0.720   0.00091     18.935	0.705   0.00134    183.700	0.660   0.00573   1466.695
20.750	0.725   0.00086     18.695	0.645   0.00146    196.920	0.675   0.00562   1403.010
20.800	0.675   0.00095     18.775	0.710   0.00139    180.840	0.635   0.00618   1515.525
20.850	0.685   0.00089     18.300	0.630   0.00148    189.405	0.655   0.00643   1581.510
20.900	0.640   0.00088     19.270	0.600   0.00142    196.630	0.650   0.00599   1503.325
20.950	0.675   0.00091     18.465	0.655   0.00137    187.680	0.610   0.00632   1572.505
21.000	0.685   0.00087     19.480	0.560   0.00158    207.575	0.580   0.00624   1507.020
21.050	0.640   0.00093     20.115	0.625   0.00147    200.790	0.655   0.00584   1465.575
21.100	0.675   0.00089     18.740	0.655   0.00148    181.415	0.650   0.00610   1510.940
21.150	0.610   0.00091     19.270	0.610   0.00143    205.720	0.535   0.00664   1618.600
21.200	0.695   0.00083     17.760	0.565   0.00140    199.870	0.610   0.00596   1487.215
21.250	0.635   0.00092     18.485	0.640   0.00146    195.970	0.515   0.00698   1669.845
21.300	0.580   0.00084     19.480	0.540   0.00148    204.690	0.515   0.00684   1693.335
21.350	0.680   0.00083     18.645	0.540   0.00150    208.865	0.500   0.00666   1665.465
21.400	0.640   0.00081     18.245	0.575   0.00156    207.600	0.480   0.00674   1635.845
21.450	0.680   0.00080     18.095	0.565   0.00144    204.755	0.480   0.00688   1664.680
21.500	0.650   0.00081     19.150	0.620   0.00152    193.725	0.435   0.00755   1798.415
21.550	0.605   0.00082     18.965	0.520   0.00153    209.970	0.470   0.00680   1679.525
21.600	0.640   0.00085     18.580	0.515   0.00146    203.250	0.470   0.00670   1646.580
21.650	0.565   0.00083     19.615	0.595   0.00150    198.720	0.445   0.00681   1667.825
21.700	0.590   0.00089     19.005	0.425   0.00156    222.360	0.390   0.00705   1756.875
21.750	0.635   0.00082     18.380	0.505   0.00147    213.385	0.410   0.00711   1761.095
21.800	0.605   0.00085     18.045	0.440   0.00159    221.715	0.315   0.00743   1793.965
21.850	0.575   0.00089     19.040	0.475   0.00148    211.095	0.365   0.00709   1750.560
21.900	0.595   0.00088     18.915	0.455   0.00152    217.740	0.365   0.00735   1793.930
21.950	0.505   0.00082     19.485	0.500   0.00147    212.715	0.385   0.00707   1752.965
22.000	0.495   0.00084     19.295	0.485   0.00151    215.975	0.320   0.00737   1762.300
22.050	0.600   0.00084     19.355	0.460   0.00149    217.045	0.360   0.00689   1688.140
22.100	0.580   0.00088     18.705	0.425   0.00142    222.705	0.330   0.00716   1764.490
22.150	0.645   0.00089     18.070	0.470   0.00152    213.885	0.290   0.00739   1776.340
22.200	0.555   0.00086     17.985	0.395   0.00159    227.295	0.295   0.00722   1712.935
22.250	0.605   0.00088     18.010	0.420   0.00158    229.140	0.250   0.00729   1802.540
22.300	0.515   0.00076     19.455	0.365   0.00156    226.755	0.305   0.00699   1732.990
22.350	0.535   0.00095     18.480	0.395   0.00154    227.090	0.275   0.00693   1704.125
22.400	0.515   0.00083     19.060	0.375   0.00158    237.015	0.285   0.00687   1706.685
22.450	0.570   0.00088     18.320	0.375   0.00153    218.215	0.260   0.00739   1812.335
22.500	0.480   0.00089     19.455	0.425   0.00149    218.220	0.225   0.00737   1778.040
22.550	0.500   0.00092     18.885	0.340   0.00160    222.890	0.250   0.00737   1791.795
22.600	0.495   0.00091     18.695	0.345   0.00156    221.710	0.250   0.00702   1726.485
22.650	0.530   0.00087     17.695	0.295   0.00158    227.745	0.205   0.00745   1751.330
22.700	0.520   0.00093     18.525	0.300   0.00156    234.835	0.205   0.00741   1771.355
22.750	0.580   0.00089     17.630	0.265   0.00158    234.750	0.195   0.00736   1781.035
22.800	0.420   0.00096     19.240	0.290   0.00159    235.045	0.210   0.00737   1764.680
22.850	0.490   0.00090     18.475	0.290   0.00166    231.125	0.225   0.00705   1696.145
22.900	0.485   0.00090     17.985	0.235   0.00166    241.880	0.160   0.00743   1750.465
22.950	0.460   0.00097     19.895	0.265   0.00147    224.970	0.175   0.00753   1760.830
23.000	0.455   0.00087     18.950	0.385   0.00156    212.345	0.210   0.00683   1689.235
23.050	0.485   0.00089     18.585	0.245   0.00162    241.745	0.185   0.00716   1728.845
23.100	0.465   0.00090     18.050	0.210   0.00154    235.345	0.160   0.00707   1728.690
23.150	0.450   0.00085     18.340	0.275   0.00155    237.245	0.160   0.00734   1746.870
23.200	0.470   0.00084     18.585	0.195   0.00159    238.685	0.155   0.00716   1708.595
23.250	0.430   0.00086     18.100	0.215   0.00163    240.870	0.140   0.00705   1707.685
23.300	0.350   0.00088     18.465	0.240   0.00155    230.595	0.145   0.00715   1746.670
23.350	0.395   0.00086     18.560	0.230   0.00158    236.370	0.115   0.00745   1769.280
23.400	0.355   0.00090     18.145	0.210   0.00158    232.510	0.110   0.00726   1717.585
23.450	0.370   0.00090     18.465	0.225   0.00161    231.195	0.160   0.00708   1680.390
23.500	0.415   0.00077     18.745	0.220   0.00158    235.240	0.105   0.00716   1695.405
23.550	0.440   0.00090     18.005	0.205   0.00153    230.265	0.155   0.00693   1660.815
23.600	0.400   0.00086     18.115	0.200   0.00152    231.855	0.105   0.00717   1696.915
23.650	0.405   0.00089     18.560	0.225   0.00159    231.350	0.100   0.00697   1664.320
23.700	0.370   0.00090     18.310	0.165   0.00154    235.175	0.160   0.00680   1608.685
23.750	0.360   0.00089     18.530	0.175   0.00159    235.900	0.130   0.00705   1630.720
23.800	0.350   0.00090     18.160	0.140   0.00154    235.430	0.090   0.00689   1639.095
23.850	0.400   0.00095     17.520	0.205   0.00159    232.195	0.105   0.00699   1673.655
23.900	0.380   0.00098     17.635	0.170   0.00165    235.195	0.090   0.00689   1619.810
23.950	0.345   0.00096     17.620	0.215   0.00159    225.805	0.125   0.00664   1598.795
24.000	0.330   0.00092     17.645	0.175   0.00159    236.650	0.105   0.00670   1602.860
24.050	0.395   0.00096     17.640	0.170   0.00161    227.995	0.090   0.00705   1645.835
24.100	0.375   0.00092     17.395	0.200   0.00164    229.600	0.065   0.00680   1610.560
24.150	0.300   0.00097     18.135	0.185   0.00159    227.725	0.075   0.00692   1645.345
24.200	0.360   0.00097     17.825	0.145   0.00174    232.855	0.055   0.00702   1645.185
24.250	0.350   0.00097     17.805	0.115   0.00166    235.070	0.065   0.00680   1620.275
24.300	0.315   0.00089     17.375	0.150   0.00168    232.660	0.060   0.00680   1601.420
24.350	0.370   0.00095     17.650	0.170   0.00157    224.910	0.040   0.00683   1599.730
24.400	0.345   0.00098     17.615	0.120   0.00159    229.455	0.045   0.00685   1622.825
24.450	0.380   0.00101     17.405	0.125   0.00166    234.070	0.070   0.00666   1568.685
24.500	0.295   0.00091     17.020	0.175   0.00155    226.965	0.070   0.00675   1593.745
24.550	0.265   0.00091     17.080	0.105   0.00162    233.195	0.065   0.00655   1537.800
24.600	0.345   0.00093     17.295	0.095   0.00163    231.830	0.060   0.00668   1568.420
24.650	0.330   0.00086     17.485	0.100   0.00155    229.885	0.050   0.00671   1551.600
24.700	0.320   0.00090     16.155	0.115   0.00150    231.075	0.075   0.00654   1542.365
24.750	0.320   0.00092     17.140	0.065   0.00157    235.950	0.055   0.00659   1539.155
24.800	0.260   0.00088     16.970	0.125   0.00163    224.740	0.025   0.00666   1561.120
24.850	0.355   0.00087     16.415	0.100   0.00167    230.080	0.025   0.00666   1551.935
24.900	0.275   0.00088     16.820	0.130   0.00166    222.810	0.050   0.00651   1524.505
24.950	0.285   0.00088     16.555	0.100   0.00164    229.875	0.020   0.00665   1547.195
25.000	0.225   0.00095     17.160	0.100   0.00154    228.580	0.025   0.00642   1525.200
25.050	0.245   0.00094     17.010	0.080   0.00176    230.905	0.035   0.00649   1501.520
25.100	0.250   0.00097     16.550	0.080   0.00151    229.685	0.025   0.00659   1528.955
25.150	0.255   0.00100     16.840	0.090   0.00168    227.820	0.030   0.00654   1528.545
25.200	0.285   0.00091     16.675	0.100   0.00166    225.450	0.035   0.00644   1495.485
25.250	0.280   0.00088     16.745	0.100   0.00154    228.545	0.020   0.00651   1508.885
25.300	0.240   0.00095     16.820	0.100   0.00173    227.940	0.020   0.00643   1473.330
25.350	0.205   0.00096     16.175	0.095   0.00165    226.220	0.020   0.00629   1493.020
25.400	0.265   0.00098     16.260	0.070   0.00167    228.860	0.030   0.00629   1463.595
25.450	0.230   0.00100     15.705	0.080   0.00159    220.880	0.015   0.00633   1469.380
25.500	0.175   0.00095     16.435	0.060   0.00161    229.865	0.030   0.00632   1479.820
25.550	0.220   0.00102     16.670	0.065   0.00221    223.220	0.025   0.00627   1450.595
25.600	0.250   0.00092     15.715	0.050   0.00171    229.495	0.010   0.00635   1463.890
25.650	0.250   0.00092     15.660	0.030   0.00162    231.570	0.020   0.00641   1478.520
25.700	0.235   0.00086     15.645	0.055   0.00162    225.300	0.005   0.00626   1467.145
25.750	0.250   0.00096     15.180	0.095   0.00167    219.660	0.040   0.00641   1461.865
25.800	0.235   0.00095     15.040	0.060   0.00165    225.565	0.015   0.00632   1448.360
25.850	0.245   0.00110     15.900	0.085   0.00176    219.065	0.010   0.00635   1452.065
25.900	0.240   0.00102     16.225	0.075   0.00174    220.280	0.030   0.00611   1404.785
25.950	0.235   0.00093     15.235	0.050   0.00170    221.585	0.005   0.00680   1450.985
26.000	0.265   0.00101     15.095	0.055   0.00160    222.705	0.010   0.00754   1401.945
26.050	0.210   0.00088     15.280	0.035   0.00169    224.915	0.005   0.00757   1416.255
26.100	0.205   0.00069     15.600	0.055   0.00162    219.730	0.010   0.00764   1423.710
26.150	0.235   0.00083     14.890	0.055   0.00158    218.990	0.010   0.00769   1430.255
26.200	0.225   0.00107     14.445	0.045   0.00161    220.965	0.030   0.00716   1400.435
26.250	0.250   0.00101     15.165	0.040   0.00160    223.260	0.010   0.00611   1399.045
26.300	0.170   0.00103     15.430	0.040   0.00157    217.215	0.005   0.00613   1397.330
26.350	0.215   0.00103     15.245	0.050   0.00164    218.275	0.015   0.00611   1382.905
26.400	0.180   0.00103     14.965	0.030   0.00163    222.790	0.005   0.00610   1379.175
26.450	0.205   0.00105     14.640	0.085   0.00169    218.240	0.005   0.00606   1373.230
26.500	0.150   0.00105     14.510	0.030   0.00162    221.365	0.010   0.00611   1382.060
26.550	0.265   0.00110     13.980	0.055   0.00158    216.455	0.010   0.00613   1377.685
26.600	0.210   0.00097     13.905	0.035   0.00165    217.470	0.010   0.00603   1338.895
26.650	0.200   0.00106     13.690	0.045   0.00158    217.375	0.000   0.00600   1367.775
26.700	0.180   0.00101     14.445	0.060   0.00162    215.990	0.010   0.00598   1327.510
26.750	0.250   0.00094     14.225	0.045   0.00152    214.325	0.000   0.00598   1350.535
26.800	0.165   0.00095     13.555	0.065   0.00161    215.005	0.005   0.00610   1343.545
26.850	0.170   0.00093     13.695	0.010   0.00165    217.840	0.010   0.00598   1342.635
26.900	0.215   0.00101     12.880	0.030   0.00165    214.270	0.005   0.00600   1327.025
26.950	0.225   0.00097     13.790	0.030   0.00163    213.015	0.000   0.00597   1334.555
27.000	0.185   0.00098     13.955	0.040   0.00165    212.045	0.010   0.00585   1319.970
27.050	0.145   0.00102     13.585	0.025   0.00152    216.015	0.005   0.00592   1298.700
27.100	0.110   0.00105     13.085	0.025   0.00159    211.705	0.010   0.00585   1288.810
27.150	0.185   0.00104     13.440	0.020   0.00156    214.585	0.000   0.00586   1295.110
27.200	0.180   0.00097     12.595	0.025   0.00151    213.720	0.005   0.00596   1294.100
27.250	0.190   0.00095     13.280	0.010   0.00159    214.580	0.005   0.00580   1282.375
27.300	0.155   0.00099     13.065	0.010   0.00161    213.100	0.000   0.00576   1267.200
27.350	0.150   0.00098     13.290	0.025   0.00160    213.650	0.000   0.00586   1277.785
27.400	0.170   0.00091     12.660	0.025   0.00158    209.325	0.015   0.00581   1255.740
27.450	0.180   0.00095     12.165	0.005   0.00155    212.655	0.000   0.00584   1287.050
27.500	0.120   0.00098     12.460	0.020   0.00165    211.030	0.000   0.00586   1285.020
27.550	0.100   0.00100     12.660	0.020   0.00163    211.935	0.000   0.00572   1270.590
27.600	0.115   0.00097     12.370	0.035   0.00158    207.970	0.000   0.00586   1269.645
27.650	0.130   0.00097     12.510	0.025   0.00156    211.700	0.000   0.00576   1254.865
27.700	0.125   0.00098     12.770	0.030   0.00163    204.680	0.005   0.00569   1244.595
27.750	0.110   0.00100     11.755	0.020   0.00161    210.590	0.005   0.00568   1233.025
27.800	0.130   0.00097     12.240	0.015   0.00168    205.745	0.000   0.00581   1234.055
27.850	0.150   0.00100     12.170	0.010   0.00151    207.675	0.000   0.00571   1226.620
27.900	0.120   0.00108     11.030	0.025   0.00154    205.025	0.000   0.00558   1221.055
27.950	0.090   0.00100     12.045	0.030   0.00159    209.720	0.005   0.00557   1218.765
28.000	0.105   0.00105     12.105	0.005   0.00160    207.030	0.000   0.00568   1227.565
28.050	0.115   0.00103     12.025	0.005   0.00161    207.425	0.000   0.00570   1226.380
28.100	0.105   0.00095     10.385	0.005   0.00157    206.130	0.000   0.00567   1202.085
28.150	0.105   0.00100     11.190	0.010   0.00154    203.990	0.000   0.00556   1212.985
28.200	0.115   0.00099     11.240	0.040   0.00168    201.130	0.005   0.00577   1208.485
28.250	0.080   0.00102     10.760	0.010   0.00173    204.875	0.000   0.00563   1201.450
28.300	0.140   0.00103     10.660	0.015   0.00170    205.825	0.000   0.00555   1186.835
28.350	0.110   0.00108     10.265	0.000   0.00177    204.045	0.000   0.00556   1195.845
28.400	0.110   0.00109     10.685	0.020   0.00179    201.745	0.005   0.00546   1160.610
28.450	0.140   0.00100     11.250	0.030   0.00163    200.665	0.000   0.00559   1182.865
28.500	0.095   0.00106      9.825	0.005   0.00169    205.715	0.005   0.00572   1193.195
28.550	0.075   0.00105     10.140	0.010   0.00177    199.805	0.000   0.00565   1192.970
28.600	0.095   0.00101     10.470	0.015   0.00178    202.965	0.000   0.00553   1170.795
28.650	0.115   0.00099      9.005	0.005   0.00162    203.855	0.005   0.00548   1141.775
28.700	0.090   0.00102      9.200	0.005   0.00169    196.940	0.000   0.00556   1162.890
28.750	0.070   0.00094     10.390	0.020   0.00178    200.045	0.000   0.00563   1171.650
28.800	0.075   0.00098      9.120	0.015   0.00168    200.575	0.000   0.00559   1151.335
28.850	0.100   0.00101     10.265	0.005   0.00156    199.975	0.005   0.00548   1142.955
28.900	0.100   0.00099      9.525	0.010   0.00159    197.490	0.000   0.00545   1141.275
28.950	0.070   0.00100     10.405	0.005   0.00156    197.580	0.000   0.00546   1139.180
29.000	0.115   0.00104      9.260	0.005   0.00166    199.460	0.000   0.00553   1123.640
29.050	0.100   0.00100      8.820	0.010   0.00163    194.870	0.000   0.00548   1121.525
29.100	0.095   0.00108      8.785	0.010   0.00158    197.335	0.000   0.00557   1141.220
29.150	0.065   0.00095      9.710	0.010   0.00163    195.350	0.000   0.00539   1122.340
29.200	0.080   0.00104      8.820	0.005   0.00171    197.600	0.000   0.00546   1120.515
29.250	0.095   0.00101      8.400	0.000   0.00165    198.535	0.000   0.00532   1112.195
29.300	0.120   0.00099      8.440	0.005   0.00163    195.820	0.005   0.00544   1132.855
29.350	0.070   0.00102      7.355	0.010   0.00165    195.285	0.000   0.00542   1108.750
29.400	0.120   0.00105      7.900	0.000   0.00172    194.910	0.000   0.00540   1115.205
29.450	0.105   0.00100      7.315	0.015   0.00163    195.900	0.000   0.00537   1100.440
29.500	0.060   0.00108      7.615	0.010   0.00167    193.000	0.000   0.00549   1107.775
29.550	0.055   0.00096      7.980	0.015   0.00178    192.940	0.000   0.00538   1090.300
29.600	0.060   0.00109      8.160	0.010   0.00162    194.085	0.000   0.00534   1086.245
29.650	0.100   0.00103      7.890	0.005   0.00166    191.645	0.000   0.00545   1099.920
29.700	0.055   0.00106      8.345	0.000   0.00173    194.010	0.000   0.00523   1081.475
29.750	0.080   0.00108      6.845	0.005   0.00168    193.160	0.000   0.00531   1072.175
29.800	0.090   0.00101      7.000	0.005   0.00154    192.020	0.000   0.00524   1061.540
29.850	0.105   0.00111      7.655	0.020   0.00165    192.835	0.005   0.00536   1077.295
29.900	0.050   0.00099      7.545	0.010   0.00165    192.095	0.000   0.00533   1080.930
29.950	0.060   0.00109      6.480	0.000   0.00157    191.690	0.000   0.00532   1067.280
30.000	0.100   0.00103      7.675	0.000   0.00163    191.410	0.000   0.00528   1052.010
30.050	0.070   0.00104      7.065	0.005   0.00158    191.435	0.005   0.00529   1050.150
30.100	0.045   0.00095      6.460	0.000   0.00157    191.165	0.000   0.00539   1071.870
30.150	0.030   0.00102      6.875	0.000   0.00165    187.045	0.000   0.00531   1065.360
30.200	0.045   0.00105      6.015	0.010   0.00163    189.100	0.000   0.00523   1054.890
30.250	0.110   0.00102      5.635	0.010   0.00164    188.500	0.000   0.00537   1050.595
30.300	0.060   0.00107      6.055	0.000   0.00168    191.905	0.000   0.00527   1044.400
30.350	0.045   0.00104      7.200	0.000   0.00170    185.760	0.000   0.00536   1043.100
30.400	0.070   0.00101      5.835	0.000   0.00165    188.510	0.000   0.00512   1012.625
30.450	0.065   0.00102      6.295	0.000   0.00171    188.070	0.000   0.00523   1041.265
30.500	0.045   0.00093      5.660	0.005   0.00166    187.300	0.000   0.00526   1026.185
30.550	0.055   0.00106      5.625	0.000   0.00163    188.490	0.000   0.00523   1031.385
30.600	0.080   0.00099      6.075	0.000   0.00165    185.650	0.000   0.00519   1019.535
30.650	0.060   0.00102      6.710	0.000   0.00163    188.030	0.000   0.00528   1030.795
30.700	0.085   0.00098      4.990	0.000   0.00173    185.130	0.000   0.00510   1009.855
30.750	0.065   0.00101      5.350	0.000   0.00169    185.945	0.000   0.00516   1026.000
30.800	0.065   0.00105      5.000	0.005   0.00181    187.045	0.000   0.00521   1016.005
30.850	0.060   0.00107      5.060	0.005   0.00167    186.435	0.000   0.00523   1012.090
30.900	0.045   0.00105      4.460	0.010   0.00169    184.980	0.000   0.00511   1011.190
30.950	0.055   0.00105      4.600	0.000   0.00151    185.110	0.000   0.00503    984.835
31.000	0.045   0.00101      5.425	0.000   0.00167    183.330	0.000   0.00521    996.305
31.050	0.075   0.00104      5.630	0.005   0.00169    183.095	0.000   0.00521    991.145
31.100	0.030   0.00107      4.305	0.005   0.00159    185.330	0.000   0.00511    992.345
31.150	0.030   0.00107      4.590	0.005   0.00173    183.580	0.000   0.00507    968.525
31.200	0.045   0.00128      3.920	0.000   0.00165    183.345	0.000   0.00510    977.945
31.250	0.030   0.00109      5.250	0.000   0.00168    183.915	0.000   0.00517    970.730
31.300	0.040   0.00105      4.120	0.010   0.00173    182.700	0.000   0.00513    964.535
31.350	0.040   0.00111      4.425	0.005   0.00170    183.125	0.000   0.00519    979.070
31.400	0.055   0.00104      4.380	0.000   0.00167    182.710	0.000   0.00507    987.065
31.450	0.040   0.00113      4.580	0.010   0.00163    179.820	0.000   0.00511    979.240
31.500	0.065   0.00111      4.180	0.000   0.00179    181.960	0.000   0.00522    969.900
31.550	0.080   0.00108      3.725	0.000   0.00181    181.955	0.000   0.00502    970.580
31.600	0.035   0.00117      4.920	0.015   0.00163    178.670	0.000   0.00503    966.035
31.650	0.045   0.00099      3.955	0.000   0.00169    180.025	0.000   0.00506    967.790
31.700	0.040   0.00115      3.435	0.005   0.00170    179.940	0.000   0.00501    954.295
31.750	0.040   0.00088      3.955	0.000   0.00177    181.350	0.000   0.00512    965.040
31.800	0.020   0.00115      3.635	0.000   0.00158    180.165	0.000   0.00504    946.340
31.850	0.035   0.00092      3.145	0.000   0.00165    180.370	0.000   0.00516    953.925
31.900	0.035   0.00110      3.785	0.000   0.00162    179.175	0.000   0.00507    962.060
31.950	0.065   0.00091      3.120	0.005   0.00175    175.145	0.000   0.00510    951.070
32.000	0.055   0.00114      3.035	0.000   0.00166    179.380	0.000   0.00503    936.880
32.050	0.055   0.00107      2.745	0.000   0.00181    177.840	0.000   0.00502    936.950
32.100	0.040   0.00108      3.720	0.000   0.00160    179.955	0.000   0.00495    940.125
32.150	0.040   0.00109      3.405	0.000   0.00168    176.505	0.000   0.00504    931.015
32.200	0.045   0.00097      3.000	0.000   0.00167    177.870	0.000   0.00511    937.765
32.250	0.035   0.00104      2.975	0.000   0.00164    175.690	0.000   0.00502    929.185
32.300	0.005   0.00115      2.670	0.000   0.00178    176.435	0.000   0.00501    936.790
32.350	0.020   0.00114      2.420	0.000   0.00170    174.700	0.000   0.00497    927.190
32.400	0.045   0.00102      3.180	0.000   0.00167    176.325	0.000   0.00495    926.265
32.450	0.035   0.00110      2.430	0.000   0.00166    176.910	0.000   0.00496    918.605
32.500	0.030   0.00105      3.110	0.005   0.00174    174.915	0.000   0.00506    935.970
32.550	0.030   0.00100      3.070	0.000   0.00172    175.945	0.000   0.00500    925.485
32.600	0.025   0.00110      2.245	0.000   0.00172    173.130	0.000   0.00490    907.585
32.650	0.060   0.00106      3.305	0.000   0.00178    173.415	0.000   0.00496    905.485
32.700	0.010   0.00109      1.915	0.000   0.00176    174.140	0.000   0.00505    902.340
32.750	0.035   0.00113      2.750	0.000   0.00171    172.535	0.000   0.00501    906.270
32.800	0.020   0.00110      2.135	0.010   0.00175    173.205	0.000   0.00500    908.075
32.850	0.035   0.00105      2.335	0.005   0.00175    172.255	0.000   0.00490    903.135
32.900	0.025   0.00103      2.460	0.000   0.00171    173.025	0.000   0.00500    909.545
32.950	0.020   0.00104      2.105	0.000   0.00172    172.745	0.000   0.00498    906.695
33.000	0.025   0.00118      2.520	0.000   0.00180    169.990	0.000   0.00495    889.645
33.050	0.015   0.00108      2.305	0.000   0.00174    172.900	0.000   0.00487    891.345
33.100	0.040   0.00099      1.885	0.000   0.00167    170.500	0.000   0.00495    902.050
33.150	0.035   0.00114      2.125	0.000   0.00174    172.710	0.000   0.00492    895.475
33.200	0.020   0.00106      2.040	0.000   0.00167    173.150	0.000   0.00488    881.770
33.250	0.015   0.00108      2.320	0.000   0.00167    168.535	0.000   0.00490    884.700
33.300	0.020   0.00107      1.930	0.005   0.00159    170.320	0.000   0.00492    876.465
33.350	0.050   0.00112      2.230	0.000   0.00169    170.040	0.000   0.00493    880.855
33.400	0.035   0.00110      1.490	0.000   0.00177    169.605	0.000   0.00490    854.875
33.450	0.025   0.00110      2.045	0.000   0.00172    168.125	0.000   0.00487    865.195
33.500	0.030   0.00109      1.625	0.000   0.00169    169.220	0.000   0.00488    863.010
33.550	0.025   0.00111      1.700	0.000   0.00173    168.080	0.000   0.00492    854.295
33.600	0.030   0.00117      1.305	0.000   0.00177    166.425	0.000   0.00531    866.050
33.650	0.030   0.00114      1.075	0.000   0.00178    169.045	0.000   0.00590    867.195
33.700	0.025   0.00115      1.255	0.000   0.00165    167.615	0.000   0.00585    851.160
33.750	0.030   0.00110      1.660	0.000   0.00175    166.225	0.000   0.00590    861.765
33.800	0.025   0.00110      1.485	0.000   0.00171    163.880	0.000   0.00592    852.580
33.850	0.015   0.00109      1.370	0.005   0.00173    166.080	0.000   0.00505    844.500
33.900	0.020   0.00113      1.455	0.000   0.00170    165.635	0.000   0.00484    864.815
33.950	0.005   0.00109      1.695	0.000   0.00174    166.510	0.000   0.00485    844.145
34.000	0.020   0.00112      1.140	0.000   0.00171    169.260	0.000   0.00487    846.105
34.050	0.020   0.00115      1.370	0.000   0.00175    162.765	0.000   0.00475    836.480
34.100	0.040   0.00107      1.710	0.000   0.00173    168.020	0.000   0.00473    838.600
34.150	0.015   0.00107      0.880	0.000   0.00179    165.090	0.000   0.00482    836.855
34.200	0.010   0.00111      1.280	0.000   0.00175    164.965	0.000   0.00477    848.970
34.250	0.015   0.00111      1.155	0.000   0.00173    163.455	0.000   0.00482    844.595
34.300	0.015   0.00099      1.140	0.000   0.00181    164.650	0.000   0.00481    840.990
34.350	0.020   0.00112      1.490	0.000   0.00171    163.845	0.000   0.00477    824.960
34.400	0.015   0.00119      0.590	0.000   0.00177    161.890	0.000   0.00484    832.235
34.450	0.025   0.00117      0.665	0.000   0.00170    163.500	0.000   0.00491    841.190
34.500	0.010   0.00119      1.075	0.000   0.00175    162.500	0.000   0.00483    817.090
34.550	0.020   0.00117      1.300	0.005   0.00172    163.995	0.000   0.00489    826.500
34.600	0.000   0.00121      0.900	0.000   0.00170    161.615	0.000   0.00475    833.520
34.650	0.020   0.00110      0.670	0.000   0.00177    163.950	0.000   0.00476    821.580
34.700	0.005   0.00114      1.045	0.000   0.00174    163.400	0.000   0.00476    817.680
34.750	0.000   0.00108      0.975	0.005   0.00177    162.665	0.000   0.00474    809.735
34.800	0.025   0.00116      0.950	0.000   0.00182    159.825	0.000   0.00479    817.295
34.850	0.015   0.00124      0.845	0.000   0.00200    161.945	0.000   0.00475    807.010
34.900	0.010   0.00109      1.150	0.000   0.00177    160.240	0.000   0.00470    803.540
34.950	0.005   0.00113      0.960	0.000   0.00178    160.990	0.000   0.00475    811.885
