0.250	1.000   0.00057      1.000	1.000   0.00056      1.000	1.000   0.00059      1.000	1.000   0.00061      1.000	1.000   0.00071      1.000
0.275	1.000   0.00062      1.000	1.000   0.00058      1.000	1.000   0.00058      1.000	1.000   0.00059      1.000	1.000   0.00072      1.000
0.300	1.000   0.00054      1.000	1.000   0.00055      1.000	1.000   0.00058      1.000	1.000   0.00062      1.000	1.000   0.00069      1.000
0.325	1.000   0.00056      1.000	1.000   0.00058      1.000	1.000   0.00063      1.000	1.000   0.00075      1.000	1.000   0.00090      1.000
0.350	1.000   0.00056      1.000	1.000   0.00057      1.000	1.000   0.00060      1.000	1.000   0.00064      1.000	1.000   0.00080      1.000
0.375	1.000   0.00063      1.000	1.000   0.00054      1.000	1.000   0.00054      1.000	1.000   0.00069      1.000	1.000   0.00079      1.000
0.400	1.000   0.00058      1.000	1.000   0.00056      1.000	1.000   0.00055      1.000	1.000   0.00069      1.000	1.000   0.00075      1.000
0.425	1.000   0.00055      1.000	1.000   0.00054      1.000	1.000   0.00063      1.000	1.000   0.00062      1.000	1.000   0.00078      1.000
0.450	0.998   0.00053      0.998	1.000   0.00056      1.000	1.000   0.00060      1.000	1.000   0.00080      1.000	1.000   0.00078      1.000
0.475	1.000   0.00052      1.000	1.000   0.00056      1.000	1.000   0.00058      1.000	1.000   0.00083      1.000	1.000   0.00074      1.000
0.500	1.000   0.00053      1.000	1.000   0.00061      1.000	1.000   0.00064      1.000	1.000   0.00073      1.000	1.000   0.00073      1.000
0.525	1.000   0.00051      1.000	1.000   0.00059      1.000	1.000   0.00056      1.000	1.000   0.00068      1.000	1.000   0.00075      1.000
0.550	1.000   0.00054      1.000	1.000   0.00056      1.000	1.000   0.00064      1.000	1.000   0.00069      1.000	1.000   0.00080      1.000
0.575	1.000   0.00059      1.000	1.000   0.00060      1.000	1.000   0.00057      1.000	1.000   0.00065      1.000	1.000   0.00079      1.000
0.600	0.998   0.00057      0.998	0.998   0.00059      0.998	0.998   0.00063      0.998	0.998   0.00069      0.998	1.000   0.00097      1.000
0.625	1.000   0.00063      1.000	1.000   0.00059      1.000	0.995   0.00067      0.995	1.000   0.00068      1.000	1.000   0.00086      1.000
0.650	1.000   0.00063      1.000	1.000   0.00070      1.000	1.000   0.00067      1.000	1.000   0.00070      1.000	1.000   0.00093      1.000
0.675	1.000   0.00061      1.000	1.000   0.00068      1.000	1.000   0.00071      1.000	1.000   0.00070      1.000	1.000   0.00078      1.000
0.700	1.000   0.00056      1.000	1.000   0.00059      1.000	0.995   0.00058      0.995	0.995   0.00066      0.995	0.995   0.00084      0.995
0.725	1.000   0.00058      1.000	0.993   0.00057      0.993	0.995   0.00064      0.995	1.000   0.00068      1.000	1.000   0.00086      1.000
0.750	0.995   0.00056      0.995	0.995   0.00058      0.995	0.995   0.00063      0.995	1.000   0.00069      1.000	0.990   0.00089      0.990
0.775	0.995   0.00054      0.995	0.995   0.00056      0.995	0.998   0.00089      0.998	0.998   0.00066      0.998	1.000   0.00093      1.000
0.800	0.988   0.00057      0.988	1.000   0.00057      1.000	0.995   0.00069      0.995	0.993   0.00067      0.993	0.998   0.00091      0.998
0.825	0.993   0.00060      0.993	0.985   0.00052      0.985	0.998   0.00071      0.998	0.990   0.00081      0.990	1.000   0.00084      1.000
0.850	0.990   0.00064      0.990	0.990   0.00069      0.990	0.993   0.00076      0.993	0.993   0.00079      0.993	0.998   0.00068      0.998
0.875	0.990   0.00058      0.990	0.995   0.00069      0.995	0.995   0.00069      0.995	0.993   0.00077      0.993	0.985   0.00094      0.985
0.900	0.983   0.00060      0.983	0.990   0.00060      0.990	0.978   0.00073      0.978	0.988   0.00070      0.988	0.985   0.00092      0.985
0.925	0.995   0.00060      0.995	0.975   0.00062      0.975	0.988   0.00046      0.988	0.978   0.00072      0.978	0.985   0.00091      0.985
0.950	0.995   0.00055      0.995	0.978   0.00061      0.978	0.970   0.00065      0.970	0.985   0.00074      0.985	0.970   0.00091      0.970
0.975	0.993   0.00054      0.993	0.983   0.00061      0.983	0.978   0.00074      0.978	0.978   0.00072      0.978	0.965   0.00099      0.965
1.000	0.980   0.00055      0.980	0.980   0.00062      0.980	0.948   0.00067      0.948	0.935   0.00073      0.935	0.960   0.00093      0.960
1.025	0.978   0.00057      0.978	0.968   0.00061      0.968	0.960   0.00064      0.960	0.940   0.00068      0.940	0.917   0.00092      0.917
1.050	0.965   0.00057      0.965	0.955   0.00061      0.955	0.917   0.00061      0.917	0.910   0.00085      0.910	0.882   0.00088      0.882
1.075	0.983   0.00053      0.983	0.960   0.00058      0.960	0.897   0.00065      0.897	0.890   0.00082      0.890	0.828   0.00081      0.828
1.100	0.948   0.00061      0.948	0.910   0.00063      0.910	0.887   0.00072      0.887	0.840   0.00075      0.840	0.797   0.00095      0.797
1.125	0.963   0.00059      0.963	0.917   0.00061      0.917	0.858   0.00067      0.858	0.800   0.00073      0.800	0.735   0.00092      0.735
1.150	0.940   0.00055      0.940	0.925   0.00059      0.925	0.860   0.00065      0.860	0.812   0.00070      0.812	0.642   0.00098      0.642
1.175	0.955   0.00060      0.955	0.917   0.00057      0.917	0.825   0.00063      0.825	0.757   0.00070      0.757	0.583   0.00090      0.583
1.200	0.932   0.00059      0.932	0.895   0.00059      0.895	0.805   0.00068      0.805	0.682   0.00070      0.682	0.460   0.00095      0.463
1.225	0.930   0.00058      0.930	0.858   0.00060      0.858	0.765   0.00067      0.765	0.618   0.00070      0.618	0.415   0.00090      0.415
1.250	0.902   0.00059      0.902	0.835   0.00058      0.835	0.725   0.00064      0.725	0.600   0.00072      0.600	0.278   0.00093      0.278
1.275	0.917   0.00060      0.917	0.772   0.00056      0.772	0.672   0.00064      0.672	0.482   0.00072      0.482	0.273   0.00097      0.273
1.300	0.855   0.00059      0.855	0.765   0.00061      0.765	0.623   0.00061      0.623	0.440   0.00068      0.440	0.168   0.00090      0.168
1.325	0.875   0.00055      0.875	0.703   0.00069      0.703	0.585   0.00065      0.585	0.407   0.00070      0.407	0.128   0.00085      0.128
1.350	0.858   0.00056      0.858	0.708   0.00058      0.708	0.527   0.00060      0.527	0.362   0.00076      0.362	0.095   0.00091      0.095
1.375	0.853   0.00057      0.853	0.690   0.00075      0.690	0.525   0.00065      0.525	0.300   0.00071      0.300	0.033   0.00097      0.033
1.400	0.797   0.00068      0.797	0.630   0.00061      0.630	0.400   0.00062      0.400	0.200   0.00068      0.200	0.028   0.00096      0.028
1.425	0.802   0.00076      0.802	0.575   0.00082      0.575	0.393   0.00078      0.393	0.160   0.00069      0.160	0.020   0.00098      0.020
1.450	0.760   0.00061      0.760	0.598   0.00067      0.598	0.390   0.00064      0.390	0.145   0.00072      0.145	0.000   0.00094      0.000
1.475	0.757   0.00062      0.757	0.565   0.00081      0.565	0.328   0.00067      0.328	0.100   0.00077      0.100	0.013   0.00095      0.013
1.500	0.735   0.00060      0.735	0.522   0.00067      0.522	0.292   0.00058      0.292	0.060   0.00071      0.060	0.000   0.00092      0.000
1.525	0.745   0.00061      0.745	0.480   0.00060      0.480	0.233   0.00066      0.233	0.050   0.00072      0.050	0.000   0.00092      0.000
1.550	0.695   0.00063      0.695	0.435   0.00068      0.435	0.155   0.00067      0.155	0.060   0.00068      0.060	0.000   0.00092      0.000
1.575	0.713   0.00067      0.713	0.417   0.00068      0.417	0.172   0.00062      0.172	0.028   0.00068      0.028	0.000   0.00090      0.000
1.600	0.680   0.00058      0.680	0.362   0.00064      0.362	0.147   0.00064      0.147	0.018   0.00066      0.018	0.000   0.00093      0.000
1.625	0.675   0.00058      0.675	0.307   0.00063      0.307	0.110   0.00063      0.110	0.018   0.00068      0.018	0.000   0.00094      0.000
1.650	0.605   0.00055      0.605	0.290   0.00058      0.290	0.113   0.00059      0.113	0.018   0.00085      0.018	0.000   0.00096      0.000
1.675	0.562   0.00058      0.562	0.282   0.00070      0.282	0.060   0.00065      0.060	0.007   0.00102      0.007	0.000   0.00102      0.000
1.700	0.573   0.00058      0.573	0.270   0.00061      0.270	0.062   0.00060      0.062	0.005   0.00075      0.005	0.000   0.00096      0.000
1.725	0.555   0.00056      0.555	0.210   0.00062      0.210	0.043   0.00062      0.043	0.007   0.00065      0.007	0.000   0.00095      0.000
1.750	0.532   0.00054      0.532	0.212   0.00067      0.212	0.048   0.00065      0.048	0.003   0.00067      0.003	0.000   0.00095      0.000
1.775	0.475   0.00069      0.475	0.217   0.00073      0.220	0.043   0.00060      0.043	0.000   0.00070      0.000	0.000   0.00090      0.000
1.800	0.430   0.00054      0.430	0.165   0.00075      0.165	0.022   0.00060      0.022	0.000   0.00074      0.000	0.000   0.00092      0.000
1.825	0.510   0.00060      0.510	0.142   0.00076      0.142	0.020   0.00059      0.020	0.000   0.00075      0.000	0.000   0.00087      0.000
1.850	0.415   0.00069      0.415	0.130   0.00064      0.130	0.015   0.00060      0.015	0.000   0.00072      0.000	0.000   0.00092      0.003
1.875	0.380   0.00057      0.380	0.107   0.00057      0.107	0.003   0.00063      0.003	0.000   0.00069      0.000	0.000   0.00097      0.000
1.900	0.325   0.00062      0.325	0.095   0.00063      0.095	0.005   0.00063      0.005	0.000   0.00067      0.000	0.000   0.00095      0.000
1.925	0.380   0.00062      0.380	0.072   0.00047      0.072	0.000   0.00063      0.000	0.000   0.00068      0.000	0.000   0.00103      0.000
1.950	0.312   0.00066      0.312	0.077   0.00065      0.077	0.003   0.00061      0.003	0.000   0.00072      0.000	0.000   0.00096      0.000
1.975	0.295   0.00059      0.295	0.048   0.00068      0.048	0.003   0.00058      0.003	0.000   0.00064      0.000	0.000   0.00098      0.000
2.000	0.270   0.00081      0.270	0.058   0.00060      0.058	0.003   0.00062      0.003	0.000   0.00069      0.000	0.000   0.00094      0.000
2.025	0.307   0.00053      0.307	0.052   0.00087      0.052	0.000   0.00061      0.000	0.000   0.00074      0.000	0.000   0.00084      0.000
2.050	0.170   0.00054      0.170	0.025   0.00054      0.025	0.003   0.00063      0.003	0.000   0.00077      0.000	0.000   0.00085      0.000
2.075	0.270   0.00056      0.270	0.030   0.00057      0.030	0.003   0.00067      0.003	0.000   0.00070      0.000	0.000   0.00118      0.000
2.100	0.182   0.00055      0.182	0.018   0.00046      0.018	0.000   0.00070      0.000	0.000   0.00075      0.000	0.000   0.00094      0.000
2.125	0.193   0.00056      0.193	0.015   0.00065      0.015	0.003   0.00072      0.003	0.000   0.00075      0.000	0.000   0.00093      0.000
2.150	0.185   0.00068      0.185	0.013   0.00065      0.013	0.000   0.00070      0.000	0.000   0.00068      0.000	0.000   0.00088      0.000
2.175	0.155   0.00056      0.155	0.025   0.00063      0.025	0.000   0.00069      0.000	0.000   0.00070      0.000	0.000   0.00093      0.000
2.200	0.160   0.00054      0.160	0.015   0.00067      0.015	0.000   0.00059      0.000	0.000   0.00065      0.000	0.000   0.00093      0.000
2.225	0.180   0.00049      0.180	0.010   0.00070      0.010	0.000   0.00074      0.000	0.000   0.00065      0.000	0.000   0.00096      0.000
2.250	0.140   0.00049      0.140	0.005   0.00062      0.005	0.000   0.00073      0.000	0.000   0.00057      0.000	0.000   0.00097      0.000
2.275	0.147   0.00058      0.147	0.003   0.00061      0.003	0.000   0.00071      0.000	0.000   0.00076      0.000	0.000   0.00109      0.000
2.300	0.120   0.00068      0.120	0.003   0.00066      0.003	0.000   0.00070      0.000	0.000   0.00080      0.000	0.000   0.00110      0.000
2.325	0.110   0.00061      0.110	0.003   0.00063      0.003	0.000   0.00068      0.000	0.000   0.00080      0.003	0.000   0.00088      0.000
2.350	0.090   0.00062      0.090	0.000   0.00058      0.000	0.000   0.00056      0.000	0.000   0.00067      0.000	0.000   0.00099      0.000
2.375	0.107   0.00057      0.107	0.005   0.00051      0.007	0.000   0.00060      0.000	0.000   0.00070      0.000	0.000   0.00105      0.000
2.400	0.102   0.00059      0.102	0.000   0.00061      0.000	0.000   0.00065      0.000	0.000   0.00073      0.000	0.000   0.00101      0.000
2.425	0.090   0.00058      0.090	0.003   0.00060      0.003	0.000   0.00063      0.000	0.000   0.00068      0.000	0.000   0.00099      0.000
2.450	0.058   0.00055      0.058	0.000   0.00062      0.000	0.000   0.00068      0.000	0.000   0.00074      0.000	0.000   0.00094      0.000
2.475	0.068   0.00056      0.068	0.000   0.00063      0.000	0.000   0.00068      0.000	0.000   0.00076      0.000	0.000   0.00098      0.000
2.500	0.043   0.00059      0.043	0.000   0.00060      0.000	0.000   0.00070      0.000	0.000   0.00073      0.000	0.000   0.00102      0.000
2.525	0.043   0.00057      0.043	0.000   0.00063      0.000	0.000   0.00066      0.000	0.000   0.00074      0.000	0.000   0.00106      0.000
2.550	0.050   0.00059      0.050	0.000   0.00059      0.000	0.000   0.00068      0.000	0.000   0.00080      0.000	0.000   0.00092      0.000
2.575	0.033   0.00058      0.033	0.000   0.00057      0.000	0.000   0.00057      0.000	0.000   0.00071      0.000	0.000   0.00084      0.000
2.600	0.030   0.00058      0.030	0.000   0.00057      0.000	0.000   0.00068      0.000	0.000   0.00074      0.000	0.000   0.00097      0.000
2.625	0.035   0.00060      0.035	0.000   0.00063      0.000	0.000   0.00062      0.000	0.000   0.00073      0.000	0.000   0.00103      0.003
2.650	0.028   0.00062      0.028	0.000   0.00062      0.000	0.000   0.00066      0.000	0.000   0.00070      0.000	0.000   0.00107      0.000
2.675	0.037   0.00058      0.037	0.000   0.00056      0.000	0.000   0.00069      0.000	0.000   0.00073      0.000	0.000   0.00103      0.000
2.700	0.025   0.00060      0.025	0.000   0.00065      0.000	0.000   0.00063      0.000	0.000   0.00073      0.000	0.000   0.00099      0.000
2.725	0.010   0.00059      0.010	0.000   0.00063      0.000	0.000   0.00066      0.000	0.000   0.00073      0.000	0.000   0.00100      0.000
2.750	0.030   0.00058      0.030	0.000   0.00063      0.003	0.000   0.00063      0.000	0.000   0.00076      0.000	0.000   0.00096      0.000
2.775	0.025   0.00060      0.025	0.000   0.00062      0.003	0.000   0.00060      0.000	0.000   0.00072      0.000	0.000   0.00117      0.000
2.800	0.010   0.00060      0.010	0.000   0.00058      0.003	0.000   0.00066      0.000	0.000   0.00072      0.000	0.000   0.00104      0.000
2.825	0.013   0.00056      0.015	0.000   0.00062      0.000	0.000   0.00067      0.000	0.000   0.00070      0.000	0.000   0.00096      0.000
2.850	0.018   0.00056      0.018	0.000   0.00059      0.003	0.000   0.00056      0.000	0.000   0.00063      0.000	0.000   0.00101      0.000
2.875	0.005   0.00059      0.005	0.000   0.00059      0.000	0.000   0.00061      0.000	0.000   0.00065      0.000	0.000   0.00102      0.000
2.900	0.007   0.00059      0.007	0.000   0.00064      0.000	0.000   0.00065      0.000	0.000   0.00114      0.000	0.000   0.00103      0.000
2.925	0.005   0.00059      0.005	0.000   0.00061      0.000	0.000   0.00065      0.000	0.000   0.00110      0.000	0.000   0.00108      0.000
2.950	0.007   0.00062      0.007	0.000   0.00062      0.000	0.000   0.00063      0.000	0.000   0.00080      0.000	0.000   0.00106      0.000
2.975	0.013   0.00058      0.013	0.000   0.00061      0.000	0.000   0.00066      0.000	0.000   0.00071      0.000	0.000   0.00102      0.000
3.000	0.013   0.00055      0.013	0.000   0.00059      0.000	0.000   0.00064      0.000	0.000   0.00072      0.000	0.000   0.00106      0.000
3.025	0.005   0.00063      0.005	0.000   0.00063      0.000	0.000   0.00062      0.000	0.000   0.00073      0.000	0.000   0.00106      0.000
3.050	0.005   0.00060      0.005	0.000   0.00054      0.000	0.000   0.00066      0.000	0.000   0.00075      0.000	0.000   0.00107      0.000
3.075	0.003   0.00067      0.003	0.000   0.00066      0.000	0.000   0.00066      0.000	0.000   0.00076      0.000	0.000   0.00103      0.000
3.100	0.007   0.00061      0.007	0.000   0.00056      0.000	0.000   0.00069      0.000	0.000   0.00079      0.000	0.000   0.00102      0.000
3.125	0.003   0.00065      0.003	0.000   0.00062      0.000	0.000   0.00067      0.000	0.000   0.00074      0.000	0.000   0.00101      0.000
3.150	0.000   0.00095      0.000	0.000   0.00062      0.000	0.000   0.00065      0.000	0.000   0.00074      0.000	0.000   0.00106      0.000
3.175	0.003   0.00055      0.003	0.000   0.00064      0.000	0.000   0.00061      0.000	0.000   0.00075      0.000	0.000   0.00114      0.000
3.200	0.000   0.00060      0.000	0.000   0.00059      0.000	0.000   0.00064      0.000	0.000   0.00074      0.000	0.000   0.00107      0.000
3.225	0.003   0.00056      0.003	0.000   0.00056      0.000	0.000   0.00063      0.000	0.000   0.00075      0.000	0.000   0.00104      0.000
